# This file was generated by Animated Java via MC-Build. It is not recommended to edit this file directly.
execute on passengers if entity @s[tag=aj.shrieker.bone.bone5] run data merge entity @s { transformation: [-1.0000020309914432f,0f,1.2246542114542496e-16f,0f,0f,1.0000016893880457f,0f,0f,-1.2246492863945233e-16f,0f,-1.0000060526079042f,0f,0f,0f,0f,1f], start_interpolation: 0, interpolation_duration: 1 }
execute on passengers if entity @s[tag=aj.shrieker.bone.bone2] run data merge entity @s { transformation: [-0.9993969539076699f,0.03456711270743081f,-0.004842516042744724f,0.43749999999999994f,0.03437957114136251f,0.9988170444583907f,0.034567016949090965f,0.4875f,0.006031649903491979f,0.034379566344978095f,-0.9993940459349596f,0.43750000000000006f,0f,0f,0f,1f], start_interpolation: 0, interpolation_duration: 1 }
execute on passengers if entity @s[tag=aj.shrieker.bone.bone] run data merge entity @s { transformation: [-0.9993949499226875f,0.034566926465941415f,0.004842532915926452f,0.43750000000000006f,0.03437950220364562f,0.998811663008815f,-0.03456713739382366f,0.4875f,-0.006031637808862779f,-0.0343793811139553f,-0.9993975282067709f,-0.43749999999999994f,0f,0f,0f,1f], start_interpolation: 0, interpolation_duration: 1 }
execute on passengers if entity @s[tag=aj.shrieker.bone.bone3] run data merge entity @s { transformation: [-0.999400594383449f,-0.0348782881105593f,-0.001217986816987723f,-0.43750000000000006f,-0.034899837786380096f,0.9987834924084797f,0.03487857898651612f,0.4875f,-1.223912738977653e-16f,0.034899547972229744f,-0.999400629866867f,0.43749999999999994f,0f,0f,0f,1f], start_interpolation: 0, interpolation_duration: 1 }
execute on passengers if entity @s[tag=aj.shrieker.bone.bone4] run data merge entity @s { transformation: [-0.9993911984501112f,-0.03487834447662763f,0.0012179792678478879f,-0.43749999999999994f,-0.034899509673157844f,0.9987851065214896f,-0.034878362807428724f,0.4875f,-1.223901232277966e-16f,-0.03489960437265572f,-0.9993944355343459f,-0.43750000000000006f,0f,0f,0f,1f], start_interpolation: 0, interpolation_duration: 1 }