# This file was generated by Animated Java via MC-Build. It is not recommended to edit this file directly.
execute on passengers if entity @s[tag=aj.shrieker.bone.bone5] run data merge entity @s { transformation: [-1.0000013798598288f,0f,1.2246577514699887e-16f,0f,0f,1.0000020333518276f,0f,0f,-1.224648488988276e-16f,0f,-1.0000089432501218f,0f,0f,0f,0f,1f], start_interpolation: 0, interpolation_duration: 1 }
execute on passengers if entity @s[tag=aj.shrieker.bone.bone2] run data merge entity @s { transformation: [-0.9993916392130501f,0.03456720470679911f,-0.004842516311690706f,0.43749999999999994f,0.03437938831418755f,0.9988197027809957f,0.034567018868890555f,0.4875f,0.006031617827771556f,0.03437965784519718f,-0.9993941014397855f,0.43750000000000006f,0f,0f,0f,1f], start_interpolation: 0, interpolation_duration: 1 }
execute on passengers if entity @s[tag=aj.shrieker.bone.bone] run data merge entity @s { transformation: [-0.9993931152610268f,0.03456712225018351f,0.004842502289808492f,0.43750000000000006f,0.03437943909070455f,0.9988173201963177f,-0.034566918777400035f,0.4875f,-0.006031626736148599f,-0.03437957583595587f,-0.9993912076164676f,-0.43749999999999994f,0f,0f,0f,1f], start_interpolation: 0, interpolation_duration: 1 }
execute on passengers if entity @s[tag=aj.shrieker.bone.bone3] run data merge entity @s { transformation: [-0.9993974468196135f,-0.0348784861747176f,-0.0012179860074863495f,-0.43750000000000006f,-0.03489972787102897f,0.9987891642238823f,0.034878555805429715f,0.4875f,-1.2228246749696142e-16f,0.034899746157116926f,-0.9993999656427771f,0.43749999999999994f,0f,0f,0f,1f], start_interpolation: 0, interpolation_duration: 1 }
execute on passengers if entity @s[tag=aj.shrieker.bone.bone4] run data merge entity @s { transformation: [-0.9993946178422068f,-0.0348783422418065f,0.0012179771217640254f,-0.43749999999999994f,-0.03489962908096106f,0.9987850425245846f,-0.03487830135162764f,0.4875f,-1.2249896261105602e-16f,-0.03489960213647236f,-0.9993926745977442f,-0.43750000000000006f,0f,0f,0f,1f], start_interpolation: 0, interpolation_duration: 1 }