# This file was generated by Animated Java via MC-Build. It is not recommended to edit this file directly.
execute on passengers if entity @s[tag=aj.shrieker.bone.bone5] run data merge entity @s { transformation: [-1.0000073819719209f,0f,1.2246584217774256e-16f,0f,0f,1.000000743095282f,0f,0f,-1.2246558394556375e-16f,0f,-1.0000094905976813f,0f,0f,0f,0f,1f], start_interpolation: 0, interpolation_duration: 1 }
execute on passengers if entity @s[tag=aj.shrieker.bone.bone2] run data merge entity @s { transformation: [-0.9975704796379534f,0.0693843589170242f,-0.007283759907498498f,0.43749999999999994f,0.0687147955331267f,0.9952278089275938f,0.06938448127132553f,0.475f,0.012063089393988289f,0.06871480247005032f,-0.9975723394886951f,0.43750000000000006f,0f,0f,0f,1f], start_interpolation: 0, interpolation_duration: 1 }
execute on passengers if entity @s[tag=aj.shrieker.bone.bone] run data merge entity @s { transformation: [-0.9975640219876001f,0.0693840110193865f,0.007283761566545821f,0.43750000000000006f,0.06871435071631155f,0.9952228187913567f,-0.06938449707526778f,0.475f,-0.012063011305056394f,-0.06871445792961166f,-0.9975725667091824f,-0.43749999999999994f,0f,0f,0f,1f], start_interpolation: 0, interpolation_duration: 1 }
execute on passengers if entity @s[tag=aj.shrieker.bone.bone3] run data merge entity @s { transformation: [-0.9975696801747178f,-0.06958685660639767f,-0.004866007468788897f,-0.43750000000000006f,-0.06975686742612532f,0.9951384121817626f,0.06958714881381936f,0.475f,-1.221670515752417e-16f,0.0697567806180196f,-0.9975726277258934f,0.43749999999999994f,0f,0f,0f,1f], start_interpolation: 0, interpolation_duration: 1 }
execute on passengers if entity @s[tag=aj.shrieker.bone.bone4] run data merge entity @s { transformation: [-0.9975672538613005f,-0.06958708639561202f,0.004865979391392784f,-0.43749999999999994f,-0.06975669776176327f,0.9951416983206267f,-0.0695867472883447f,0.475f,-1.221667544375457e-16f,-0.06975701096835585f,-0.9975668716225081f,-0.43750000000000006f,0f,0f,0f,1f], start_interpolation: 0, interpolation_duration: 1 }