# This file was generated by Animated Java via MC-Build. It is not recommended to edit this file directly.
execute on passengers if entity @s[tag=aj.shrieker.bone.bone5] run data merge entity @s { transformation: [-1.0000093219427948f,0f,1.2246490063190574e-16f,0f,0f,1.0000025086258677f,0f,0f,-1.2246582152347587e-16f,0f,-1.0000018022924697f,0f,0f,0f,0f,1f], start_interpolation: 0, interpolation_duration: 1 }
execute on passengers if entity @s[tag=aj.shrieker.bone.bone2] run data merge entity @s { transformation: [-0.9945266689752907f,0.10428374569522318f,-0.007297812582084687f,0.43749999999999994f,0.10296113649564227f,0.9892080372829936f,0.1042843362944375f,0.4625f,0.018094063643215526f,0.10296097780967264f,-0.9945307685696715f,0.43750000000000006f,0f,0f,0f,1f], start_interpolation: 0, interpolation_duration: 1 }
execute on passengers if entity @s[tag=aj.shrieker.bone.bone] run data merge entity @s { transformation: [-0.9945253977026048f,0.10428402836607954f,0.007297765716470639f,0.43750000000000006f,0.10296100488360549f,0.9892107186239938f,-0.10428366659383524f,0.4625f,-0.018094040514133762f,-0.10296125689504276f,-0.9945243818209196f,-0.43749999999999994f,0f,0f,0f,1f], start_interpolation: 0, interpolation_duration: 1 }
execute on passengers if entity @s[tag=aj.shrieker.bone.bone3] run data merge entity @s { transformation: [-0.9945275467270571f,-0.10395675643355844f,-0.010926248775849358f,-0.43750000000000006f,-0.10452905724939664f,0.9890824681877234f,0.10395631297093533f,0.4625f,-1.2266186434307713e-16f,0.10452937931051083f,-0.9945263684279649f,0.43749999999999994f,0f,0f,0f,1f], start_interpolation: 0, interpolation_duration: 1 }
execute on passengers if entity @s[tag=aj.shrieker.bone.bone4] run data merge entity @s { transformation: [-0.9945277248063097f,-0.10395627637780265f,0.010926222065660513f,-0.43749999999999994f,-0.1045290759662803f,0.9890779007623047f,-0.1039560588404617f,0.4625f,-1.2092715266266366e-16f,-0.10452889661047378f,-0.9945239372196062f,-0.43750000000000006f,0f,0f,0f,1f], start_interpolation: 0, interpolation_duration: 1 }