# This file was generated by Animated Java via MC-Build. It is not recommended to edit this file directly.
execute on passengers if entity @s[tag=aj.shrieker.bone.bone5] run data merge entity @s { transformation: [-1.0000045530082757f,0f,1.22465177519569e-16f,0f,0f,1.0000069070469626f,0f,0f,-1.2246523749743646e-16f,0f,-1.000004063251821f,0f,0f,0f,0f,1f], start_interpolation: 0, interpolation_duration: 1 }
execute on passengers if entity @s[tag=aj.shrieker.bone.bone2] run data merge entity @s { transformation: [-0.9902673708810956f,0.13909537800720032f,-0.004870560075746953f,0.43749999999999994f,0.13707386468404387f,0.9807471828902046f,0.13909581338158677f,0.45f,0.024124261563345344f,0.1370739425731368f,-0.9902710331582153f,0.43750000000000006f,0f,0f,0f,1f], start_interpolation: 0, interpolation_duration: 1 }
execute on passengers if entity @s[tag=aj.shrieker.bone.bone] run data merge entity @s { transformation: [-0.9902673228760496f,0.13909543949133377f,0.004870572554667996f,0.43750000000000006f,0.13707385803913424f,0.9807476164084961f,-0.1390961697606503f,0.45f,-0.024124260393877297f,-0.1370740031637379f,-0.9902735703435905f,-0.43749999999999994f,0f,0f,0f,1f], start_interpolation: 0, interpolation_duration: 1 }
execute on passengers if entity @s[tag=aj.shrieker.bone.bone3] run data merge entity @s { transformation: [-0.9902769951940433f,-0.13781889998329175f,-0.019369221573284273f,-0.43750000000000006f,-0.1391743554911469f,0.9806324281134117f,0.1378191727286988f,0.45f,-1.212739552433644e-16f,0.13917332521731365f,-0.9902716241714333f,0.43749999999999994f,0f,0f,0f,1f], start_interpolation: 0, interpolation_duration: 1 }
execute on passengers if entity @s[tag=aj.shrieker.bone.bone4] run data merge entity @s { transformation: [-0.9902728517226148f,-0.1378186998682093f,0.019369330925119162f,-0.43749999999999994f,-0.13917377316421375f,0.9806310042206134f,-0.13781995080743217f,0.45f,-1.2127344781446216e-16f,-0.13917312313558586f,-0.9902772148978595f,-0.43750000000000006f,0f,0f,0f,1f], start_interpolation: 0, interpolation_duration: 1 }