# This file was generated by Animated Java via MC-Build. It is not recommended to edit this file directly.
execute on passengers if entity @s[tag=aj.shrieker.bone.bone5] run data merge entity @s { transformation: [-1.0000041537565096f,0f,1.2246584612761529e-16f,0f,0f,1.0000087343780406f,0f,0f,-1.224651886031967e-16f,0f,-1.0000095228508397f,0f,0f,0f,0f,1f], start_interpolation: 0, interpolation_duration: 1 }
execute on passengers if entity @s[tag=aj.shrieker.bone.bone2] run data merge entity @s { transformation: [-0.9848095764445819f,0.17364879554593973f,4.1699298781559224e-8f,0.43749999999999994f,0.17101045706008147f,0.9698493888064305f,0.17364889535467964f,0.4375f,0.03015372706876509f,0.17101068536970027f,-0.9848114572700285f,0.43750000000000006f,0f,0f,0f,1f], start_interpolation: 0, interpolation_duration: 1 }
execute on passengers if entity @s[tag=aj.shrieker.bone.bone] run data merge entity @s { transformation: [-0.9848167308980446f,0.17364861124792078f,-4.169952607107406e-8f,0.43750000000000006f,0.171011699418387f,0.9698483594798489f,-0.17364984286363733f,0.4375f,-0.03015394612983277f,-0.17101050387157668f,-0.9848168308583573f,-0.43749999999999994f,0f,0f,0f,1f], start_interpolation: 0, interpolation_duration: 1 }
execute on passengers if entity @s[tag=aj.shrieker.bone.bone3] run data merge entity @s { transformation: [-0.9848114212509099f,-0.17101057858103882f,-0.03015396318086561f,-0.43750000000000006f,-0.17364882447638516f,0.969849185268951f,0.17101162317706564f,0.4375f,-1.2060461547986824e-16f,0.17364869240516514f,-0.9848166878265673f,0.43749999999999994f,0f,0f,0f,1f], start_interpolation: 0, interpolation_duration: 1 }
execute on passengers if entity @s[tag=aj.shrieker.bone.bone4] run data merge entity @s { transformation: [-0.9848095269447636f,-0.17101166191516828f,0.030153988650197004f,-0.43749999999999994f,-0.17364849045910186f,0.9698553291621044f,-0.17101176762082035f,0.4375f,-1.2060438349427237e-16f,-0.17364979245146986f,-0.9848175196449984f,-0.43750000000000006f,0f,0f,0f,1f], start_interpolation: 0, interpolation_duration: 1 }