# This file was generated by Animated Java via MC-Build. It is not recommended to edit this file directly.
execute on passengers if entity @s[tag=aj.shrieker.bone.bone5] run data merge entity @s { transformation: [-1.0000085124800075f,0f,1.2246529585921012e-16f,0f,0f,1.0000092245671535f,0f,0f,-1.2246572239287474e-16f,0f,-1.0000050295683232f,0f,0f,0f,0f,1f], start_interpolation: 0, interpolation_duration: 1 }
execute on passengers if entity @s[tag=aj.shrieker.bone.bone2] run data merge entity @s { transformation: [-0.9902720506127115f,0.13909585940355002f,-0.0048705647519684874f,0.43749999999999994f,0.13707451245748073f,0.9807505771662804f,0.13909594692738603f,0.45f,0.0241243755679797f,0.1370744169734838f,-0.9902719839167855f,0.43750000000000006f,0f,0f,0f,1f], start_interpolation: 0, interpolation_duration: 1 }
execute on passengers if entity @s[tag=aj.shrieker.bone.bone] run data merge entity @s { transformation: [-0.9902688709489231f,0.13909635913135057f,0.0048705470369428735f,0.43750000000000006f,0.13707407232503097f,0.9807541006955276f,-0.13909544101309848f,0.45f,-0.024124298107040438f,-0.13707490943887554f,-0.9902683821386152f,-0.43749999999999994f,0f,0f,0f,1f], start_interpolation: 0, interpolation_duration: 1 }
execute on passengers if entity @s[tag=aj.shrieker.bone.bone3] run data merge entity @s { transformation: [-0.9902774921994829f,-0.13781888804538597f,-0.01936919702892025f,-0.43750000000000006f,-0.13917442534070623f,0.9806323431707985f,0.13781899808647421f,0.45f,-1.2127401610897648e-16f,0.13917331316208728f,-0.990270369315262f,0.43749999999999994f,0f,0f,0f,1f], start_interpolation: 0, interpolation_duration: 1 }
execute on passengers if entity @s[tag=aj.shrieker.bone.bone4] run data merge entity @s { transformation: [-0.9902743750191012f,-0.13781892049248876f,0.019369311142788122f,-0.43749999999999994f,-0.13917398724957344f,0.9806325740439316f,-0.13781981004883284f,0.45f,-1.2127363436447877e-16f,-0.1391733459280664f,-0.9902762035055834f,-0.43750000000000006f,0f,0f,0f,1f], start_interpolation: 0, interpolation_duration: 1 }