# This file was generated by Animated Java via MC-Build. It is not recommended to edit this file directly.
execute on passengers if entity @s[tag=aj.shrieker.bone.bone5] run data merge entity @s { transformation: [-1.0000084468473842f,0f,1.2246493676455193e-16f,0f,0f,1.000003846432455f,0f,0f,-1.2246571435519651e-16f,0f,-1.0000020973379165f,0f,0f,0f,0f,1f], start_interpolation: 0, interpolation_duration: 1 }
execute on passengers if entity @s[tag=aj.shrieker.bone.bone2] run data merge entity @s { transformation: [-0.9945246950978806f,0.1042834365630028f,-0.007297805698009381f,0.43749999999999994f,0.10296093214449936f,0.9892051049364909f,0.10428423792232716f,0.4625f,0.01809402773119366f,0.10296067259858274f,-0.9945298304221609f,0.43750000000000006f,0f,0f,0f,1f], start_interpolation: 0, interpolation_duration: 1 }
execute on passengers if entity @s[tag=aj.shrieker.bone.bone] run data merge entity @s { transformation: [-0.9945247215293144f,0.10428348664720825f,0.007297750136738412f,0.43750000000000006f,0.10296093488088696f,0.9892055800220206f,-0.10428344396246221f,0.4625f,-0.018094028212077985f,-0.10296072204750431f,-0.994522258647312f,-0.43749999999999994f,0f,0f,0f,1f], start_interpolation: 0, interpolation_duration: 1 }
execute on passengers if entity @s[tag=aj.shrieker.bone.bone3] run data merge entity @s { transformation: [-0.9945313551961665f,-0.103956572919461f,-0.010926206138225363f,-0.43750000000000006f,-0.10452945753562992f,0.9890807221677179f,0.10395590730104116f,0.4625f,-1.2266233406754359e-16f,0.10452919478556644f,-0.9945224874764855f,0.43749999999999994f,0f,0f,0f,1f], start_interpolation: 0, interpolation_duration: 1 }
execute on passengers if entity @s[tag=aj.shrieker.bone.bone4] run data merge entity @s { transformation: [-0.994523340260221f,-0.10395613563663147f,0.010926250928304647f,-0.43749999999999994f,-0.10452861513191666f,0.9890765616995085f,-0.1039563334501771f,0.4625f,-1.2092661953456577e-16f,-0.1045287550940609f,-0.9945265643482064f,-0.43750000000000006f,0f,0f,0f,1f], start_interpolation: 0, interpolation_duration: 1 }