# This file was generated by Animated Java via MC-Build. It is not recommended to edit this file directly.
execute on passengers if entity @s[tag=aj.shrieker.bone.bone5] run data merge entity @s { transformation: [-1.0000040118102445f,0f,1.2246530049576373e-16f,0f,0f,1.000006511482858f,0f,0f,-1.224651712197928e-16f,0f,-1.0000050674286565f,0f,0f,0f,0f,1f], start_interpolation: 0, interpolation_duration: 1 }
execute on passengers if entity @s[tag=aj.shrieker.bone.bone2] run data merge entity @s { transformation: [-0.9975677191239768f,0.06938400862892585f,-0.007283719828208982f,0.43749999999999994f,0.06871460538299962f,0.9952227845033282f,0.06938409947940101f,0.475f,0.012063056012560556f,0.06871445556221893f,-0.9975668502920283f,0.43750000000000006f,0f,0f,0f,1f], start_interpolation: 0, interpolation_duration: 1 }
execute on passengers if entity @s[tag=aj.shrieker.bone.bone] run data merge entity @s { transformation: [-0.9975666125508649f,0.06938405703376448f,0.007283712416875731f,0.43750000000000006f,0.06871452915986884f,0.9952234788073788f,-0.06938402887966452f,0.475f,-0.012063042631360531f,-0.06871450349995262f,-0.9975658352474102f,-0.43749999999999994f,0f,0f,0f,1f], start_interpolation: 0, interpolation_duration: 1 }
execute on passengers if entity @s[tag=aj.shrieker.bone.bone3] run data merge entity @s { transformation: [-0.9975706257447147f,-0.06958679352395583f,-0.004865981100637788f,-0.43750000000000006f,-0.06975693354682067f,0.9951375100608152f,0.06958677173169056f,0.475f,-1.2216716737416869e-16f,0.06975671738153687f,-0.9975672220322198f,0.43749999999999994f,0f,0f,0f,1f], start_interpolation: 0, interpolation_duration: 1 }
execute on passengers if entity @s[tag=aj.shrieker.bone.bone4] run data merge entity @s { transformation: [-0.9975656971333668f,-0.06958713892345683f,0.004865971154295584f,-0.43749999999999994f,-0.0697565889047418f,0.9951424495038046f,-0.06958662949236673f,0.475f,-1.2216656379335757e-16f,-0.0697570636244683f,-0.9975651829480144f,-0.43750000000000006f,0f,0f,0f,1f], start_interpolation: 0, interpolation_duration: 1 }