# This file was generated by Animated Java via MC-Build. It is not recommended to edit this file directly.
execute on passengers if entity @s[tag=aj.shrieker.bone.bone5] run data merge entity @s { transformation: [-1.0000042806394818f,0f,1.224650085142878e-16f,0f,0f,1.0000012374334744f,0f,0f,-1.224652041418793e-16f,0f,-1.0000026832189715f,0f,0f,0f,0f,1f], start_interpolation: 0, interpolation_duration: 1 }
execute on passengers if entity @s[tag=aj.shrieker.bone.bone2] run data merge entity @s { transformation: [-0.9993986914710618f,0.03456716176079411f,-0.0048425170970025815f,0.43749999999999994f,0.03437963091409249f,0.9988184618557802f,0.0345670244746312f,0.4875f,0.006031660390190009f,0.034379615132198824f,-0.9993942635117349f,0.43750000000000006f,0f,0f,0f,1f], start_interpolation: 0, interpolation_duration: 1 }
execute on passengers if entity @s[tag=aj.shrieker.bone.bone] run data merge entity @s { transformation: [-0.9993920269753869f,0.03456717684984998f,0.0048425380385441405f,0.43750000000000006f,0.03437940165333451f,0.9988188978541901f,-0.034567173960271966f,0.4875f,-0.006031620168029743f,-0.034379630139387905f,-0.9993985854079388f,-0.43749999999999994f,0f,0f,0f,1f], start_interpolation: 0, interpolation_duration: 1 }
execute on passengers if entity @s[tag=aj.shrieker.bone.bone3] run data merge entity @s { transformation: [-0.9993968021527538f,-0.03487839702695419f,-0.0012179803349743289f,-0.43750000000000006f,-0.034899705358766166f,0.9987866113659495f,0.034878393365938745f,0.4875f,-1.2228238861797834e-16f,0.034899656955014f,-0.9993953111489785f,0.43749999999999994f,0f,0f,0f,1f], start_interpolation: 0, interpolation_duration: 1 }
execute on passengers if entity @s[tag=aj.shrieker.bone.bone4] run data merge entity @s { transformation: [-0.999392815606951f,-0.034878455581337016f,0.0012179817268113077f,-0.43749999999999994f,-0.03489956614551912f,0.9987882881440874f,-0.03487843322292799f,0.4875f,-1.2249874170537444e-16f,-0.03489971554508835f,-0.9993964531995241f,-0.43750000000000006f,0f,0f,0f,1f], start_interpolation: 0, interpolation_duration: 1 }