# This file was generated by Animated Java via MC-Build. It is not recommended to edit this file directly.
execute on passengers if entity @s[tag=aj.shrieker.bone.bone5] run data merge entity @s { transformation: [-1.0000083641800497f,0f,1.2246558783274555e-16f,0f,0f,1.000002183334518f,0f,0f,-1.2246570423136786e-16f,0f,-1.0000074137131691f,0f,0f,0f,0f,1f], start_interpolation: 0, interpolation_duration: 1 }
execute on passengers if entity @s[tag=aj.shrieker.bone.bone2] run data merge entity @s { transformation: [-0.9975636654406389f,0.06938448105829707f,-0.007283732027447203f,0.43749999999999994f,0.06871432615659168f,0.9952295608842776f,0.06938421568831327f,0.475f,0.012063006993523329f,0.06871492343266451f,-0.9975685210805724f,0.43750000000000006f,0f,0f,0f,1f], start_interpolation: 0, interpolation_duration: 1 }
execute on passengers if entity @s[tag=aj.shrieker.bone.bone] run data merge entity @s { transformation: [-0.9975669537635125f,0.06938414475344322f,0.007283712020363968f,0.43750000000000006f,0.06871455266332831f,0.9952247370313506f,-0.069384025102527f,0.475f,-0.012063046757463655f,-0.06871459037313978f,-0.9975657809417805f,-0.43749999999999994f,0f,0f,0f,1f], start_interpolation: 0, interpolation_duration: 1 }
execute on passengers if entity @s[tag=aj.shrieker.bone.bone3] run data merge entity @s { transformation: [-0.9975680232264195f,-0.06958659313125001f,-0.004865987390814195f,-0.43750000000000006f,-0.06975675156101327f,0.9951346443116088f,0.06958686168540404f,0.475f,-1.221668486575987e-16f,0.06975651649949248f,-0.9975685115715075f,0.43749999999999994f,0f,0f,0f,1f], start_interpolation: 0, interpolation_duration: 1 }
execute on passengers if entity @s[tag=aj.shrieker.bone.bone4] run data merge entity @s { transformation: [-0.9975706339168351f,-0.06958656463423465f,0.0048659880330356115f,-0.43749999999999994f,-0.069756934118271f,0.9951342367853033f,-0.06958687086959468f,0.475f,-1.2216716837496482e-16f,-0.06975648793289038f,-0.9975686432322718f,-0.43750000000000006f,0f,0f,0f,1f], start_interpolation: 0, interpolation_duration: 1 }