# This file was generated by Animated Java via MC-Build. It is not recommended to edit this file directly.
execute on passengers if entity @s[tag=aj.shrieker.bone.bone5] run data merge entity @s { transformation: [-1.0000053328671592f,0f,1.224646902946956e-16f,0f,0f,1.000003663786914f,0f,0f,-1.22465333002605e-16f,0f,-1.000000084758808f,0f,0f,0f,0f,1f], start_interpolation: 0, interpolation_duration: 1 }
execute on passengers if entity @s[tag=aj.shrieker.bone.bone2] run data merge entity @s { transformation: [-0.9993910307184993f,0.03456707776541122f,-0.004842508203643442f,0.43749999999999994f,0.03437936738178265f,0.9988160348084075f,0.03456696099174473f,0.4875f,0.006031614155330807f,0.034379531592538946f,-0.9993924281083834f,0.43750000000000006f,0f,0f,0f,1f], start_interpolation: 0, interpolation_duration: 1 }
execute on passengers if entity @s[tag=aj.shrieker.bone.bone] run data merge entity @s { transformation: [-0.999393863907944f,0.034567183588834656f,0.0048425037619590555f,0.43750000000000006f,0.03437946484439516f,0.9988190925772154f,-0.03456692928595654f,0.4875f,-0.0060316312544494485f,-0.03437963684180974f,-0.9993915114375587f,-0.43749999999999994f,0f,0f,0f,1f], start_interpolation: 0, interpolation_duration: 1 }
execute on passengers if entity @s[tag=aj.shrieker.bone.bone3] run data merge entity @s { transformation: [-0.9993911701432031f,-0.034878512317852224f,-0.0012179759879354978f,-0.43750000000000006f,-0.034899508684658874f,0.9987899128653069f,0.03487826888303374f,0.4875f,-1.2228169950672735e-16f,0.03489977231618695f,-0.9993917442521243f,0.43749999999999994f,0f,0f,0f,1f], start_interpolation: 0, interpolation_duration: 1 }
execute on passengers if entity @s[tag=aj.shrieker.bone.bone4] run data merge entity @s { transformation: [-0.9993971936088415f,-0.03487850341640071f,0.0012179821805974253f,-0.43749999999999994f,-0.03489971902871397f,0.9987896579610871f,-0.03487844621766219f,0.4875f,-1.2249927833092787e-16f,-0.034899763409309635f,-0.9993968255468477f,-0.43750000000000006f,0f,0f,0f,1f], start_interpolation: 0, interpolation_duration: 1 }