# This file was generated by Animated Java via MC-Build. It is not recommended to edit this file directly.
execute on passengers if entity @s[tag=aj.shrieker.bone.bone5] run data merge entity @s { transformation: [-1.000002588083857f,0f,1.2246585136031993e-16f,0f,0f,1.0000093686261222f,0f,0f,-1.2246499686359646e-16f,0f,-1.0000095655791157f,0f,0f,0f,0f,1f], start_interpolation: 0, interpolation_duration: 1 }
execute on passengers if entity @s[tag=aj.shrieker.bone.bone2] run data merge entity @s { transformation: [-0.9975708400527641f,0.06938447397858734f,-0.00728370466594055f,0.43749999999999994f,0.06871482035927241f,0.9952294593351076f,0.06938395504491346f,0.475f,0.012063093752292971f,0.06871491642127371f,-0.9975647736915106f,0.43750000000000006f,0f,0f,0f,1f], start_interpolation: 0, interpolation_duration: 1 }
execute on passengers if entity @s[tag=aj.shrieker.bone.bone] run data merge entity @s { transformation: [-0.9975657885775113f,0.06938425577106357f,0.007283744961204437f,0.43750000000000006f,0.06871447240281599f,0.9952263294337986f,-0.06938433889418924f,0.475f,-0.012063032667488892f,-0.06871470031944427f,-0.9975702924676553f,-0.43749999999999994f,0f,0f,0f,1f], start_interpolation: 0, interpolation_duration: 1 }
execute on passengers if entity @s[tag=aj.shrieker.bone.bone3] run data merge entity @s { transformation: [-0.9975727167790741f,-0.06958661188234501f,-0.004865965923586558f,-0.43750000000000006f,-0.06975707976618717f,0.9951349124647593f,0.06958655468974607f,0.475f,-1.2216742345202223e-16f,0.06975653529637574f,-0.9975641106085351f,0.43749999999999994f,0f,0f,0f,1f], start_interpolation: 0, interpolation_duration: 1 }
execute on passengers if entity @s[tag=aj.shrieker.bone.bone4] run data merge entity @s { transformation: [-0.9975710811682148f,-0.06958688074829016f,0.004866002531507743f,-0.43749999999999994f,-0.0697569653931342f,0.995138757426909f,-0.06958707820740578f,0.475f,-1.2216722314746188e-16f,-0.06975680481886418f,-0.9975716155415058f,-0.43750000000000006f,0f,0f,0f,1f], start_interpolation: 0, interpolation_duration: 1 }