# This file was generated by Animated Java via MC-Build. It is not recommended to edit this file directly.
execute on passengers if entity @s[tag=aj.shrieker.bone.bone5] run data merge entity @s { transformation: [-1.000005070426736f,0f,1.2246525977571192e-16f,0f,0f,1.000007091201499f,0f,0f,-1.2246530086292257e-16f,0f,-1.0000047349242003f,0f,0f,0f,0f,1f], start_interpolation: 0, interpolation_duration: 1 }
execute on passengers if entity @s[tag=aj.shrieker.bone.bone2] run data merge entity @s { transformation: [-0.9945292604392071f,0.10428356334211436f,-0.0072977799519166825f,0.43749999999999994f,0.102961404784144f,0.9892063075296212f,0.104283870015621f,0.4625f,0.018094110791386085f,0.10296079776958812f,-0.9945263217980265f,0.43750000000000006f,0f,0f,0f,1f], start_interpolation: 0, interpolation_duration: 1 }
execute on passengers if entity @s[tag=aj.shrieker.bone.bone] run data merge entity @s { transformation: [-0.9945279446694266f,0.10428374182859748f,0.007297769643333011f,0.43750000000000006f,0.10296126856542188f,0.989208000605205f,-0.10428372270794223f,0.4625f,-0.018094086852740048f,-0.10296097399209239f,-0.9945249169655828f,-0.43749999999999994f,0f,0f,0f,1f], start_interpolation: 0, interpolation_duration: 1 }
execute on passengers if entity @s[tag=aj.shrieker.bone.bone3] run data merge entity @s { transformation: [-0.9945249617726434f,-0.10395602258895519f,-0.010926288762004074f,-0.43750000000000006f,-0.10452878555973973f,0.989075486122716f,0.10395669341378447f,0.4625f,-1.2179418111070116e-16f,0.10452864142368634f,-0.9945300080380512f,0.43749999999999994f,0f,0f,0f,1f], start_interpolation: 0, interpolation_duration: 1 }
execute on passengers if entity @s[tag=aj.shrieker.bone.bone4] run data merge entity @s { transformation: [-0.9945253838629304f,-0.10395610428735341f,0.010926303236565776f,-0.43749999999999994f,-0.10452882992321655f,0.9890762634310524f,-0.10395683113003751f,0.4625f,-1.2179423280185305e-16f,-0.10452872357210224f,-0.9945313255380769f,-0.43750000000000006f,0f,0f,0f,1f], start_interpolation: 0, interpolation_duration: 1 }