# This file was generated by Animated Java via MC-Build. It is not recommended to edit this file directly.
execute on passengers if entity @s[tag=aj.shrieker.bone.bone5] run data merge entity @s { transformation: [-1.0000014850734709f,0f,1.2246574630822656e-16f,0f,0f,1.0000038533958333f,0f,0f,-1.2246486178378257e-16f,0f,-1.000008707763675f,0f,0f,0f,0f,1f], start_interpolation: 0, interpolation_duration: 1 }
execute on passengers if entity @s[tag=aj.shrieker.bone.bone2] run data merge entity @s { transformation: [-0.9902734759758546f,0.13909573192020197f,-0.004870585658877248f,0.43749999999999994f,0.13707470975776587f,0.9807496782943246f,0.13909654399701124f,0.45f,0.024124410291766745f,0.1370742913428167f,-0.99027623466122f,0.43750000000000006f,0f,0f,0f,1f], start_interpolation: 0, interpolation_duration: 1 }
execute on passengers if entity @s[tag=aj.shrieker.bone.bone] run data merge entity @s { transformation: [-0.9902674051659863f,0.13909600139494924f,0.004870562303709689f,0.43750000000000006f,0.137073869429795f,0.9807515783330101f,-0.1390958770088186f,0.45f,-0.024124262398572207f,-0.1370745569013604f,-0.9902714861424071f,-0.43749999999999994f,0f,0f,0f,1f], start_interpolation: 0, interpolation_duration: 1 }
execute on passengers if entity @s[tag=aj.shrieker.bone.bone3] run data merge entity @s { transformation: [-0.9902682061967989f,-0.13781963369682051f,-0.01936925691424428f,-0.43750000000000006f,-0.13917312027813797f,0.9806376487564392f,0.13781942419269563f,0.45f,-1.2127287890163008e-16f,0.13917406614146535f,-0.990273431014818f,0.43749999999999994f,0f,0f,0f,1f], start_interpolation: 0, interpolation_duration: 1 }
execute on passengers if entity @s[tag=aj.shrieker.bone.bone4] run data merge entity @s { transformation: [-0.9902764255507596f,-0.13781969019463333f,0.019369293354719253f,-0.43749999999999994f,-0.1391742754330043f,0.9806380507592662f,-0.1378196834801462f,0.45f,-1.2127388548218197e-16f,-0.1391741231945146f,-0.990275294072038f,-0.43750000000000006f,0f,0f,0f,1f], start_interpolation: 0, interpolation_duration: 1 }