# This file was generated by Animated Java via MC-Build. It is not recommended to edit this file directly.
execute on passengers if entity @s[tag=aj.shrieker.bone.bone5] run data merge entity @s { transformation: [-1.0000048382788762f,0f,1.224646923901457e-16f,0f,0f,1.0000019541262979f,0f,0f,-1.2246527243300923e-16f,0f,-1.0000001018694566f,0f,0f,0f,0f,1f], start_interpolation: 0, interpolation_duration: 1 }
execute on passengers if entity @s[tag=aj.shrieker.bone.bone2] run data merge entity @s { transformation: [-0.9848087107901129f,0.1736485591591822f,4.169954709848643e-8f,0.43749999999999994f,0.1710103067407f,0.9698480685579853f,0.17364992942386948f,0.4375f,0.03015370056342922f,0.17101045257418165f,-0.9848173217656457f,0.43750000000000006f,0f,0f,0f,1f], start_interpolation: 0, interpolation_duration: 1 }
execute on passengers if entity @s[tag=aj.shrieker.bone.bone] run data merge entity @s { transformation: [-0.984816977242151f,0.17364948980602424f,-4.1699436894408944e-8f,0.43750000000000006f,0.17101174219560936f,0.9698532663324245f,-0.17364947150416774f,0.4375f,-0.030153953672603602f,-0.17101136908243483f,-0.9848147247749314f,-0.43749999999999994f,0f,0f,0f,1f], start_interpolation: 0, interpolation_duration: 1 }
execute on passengers if entity @s[tag=aj.shrieker.bone.bone3] run data merge entity @s { transformation: [-0.9848106425915817f,-0.1710107670239476f,-0.030153729862179485f,-0.43750000000000006f,-0.17364868717773682f,0.9698502539817937f,0.17101029996104283f,0.4375f,-1.2060452012160286e-16f,0.17364888375510953f,-0.9848090677291923f,0.43749999999999994f,0f,0f,0f,1f], start_interpolation: 0, interpolation_duration: 1 }
execute on passengers if entity @s[tag=aj.shrieker.bone.bone4] run data merge entity @s { transformation: [-0.9848139495643659f,-0.17101068479344375f,0.030153825159931324f,-0.43749999999999994f,-0.17364927028626312f,0.9698497876294325f,-0.17101084042144893f,0.4375f,-1.2060492510896635e-16f,-0.17364880025606774f,-0.9848121801166263f,-0.43750000000000006f,0f,0f,0f,1f], start_interpolation: 0, interpolation_duration: 1 }