# This file was generated by Animated Java via MC-Build. It is not recommended to edit this file directly.
execute on passengers if entity @s[tag=aj.shrieker.bone.bone5] run data merge entity @s { transformation: [-1.0000046393386932f,0f,1.2246526559019002e-16f,0f,0f,1.0000028132572654f,0f,0f,-1.224652480698634e-16f,0f,-1.000004782403017f,0f,0f,0f,0f,1f], start_interpolation: 0, interpolation_duration: 1 }
execute on passengers if entity @s[tag=aj.shrieker.bone.bone2] run data merge entity @s { transformation: [-0.990273763346745f,0.13909634590179812f,-0.004870550554129173f,0.43749999999999994f,0.1370747495359507f,0.9807540074153164f,0.13909554145861508f,0.45f,0.024124417292512922f,0.1370748964015847f,-0.9902690972448652f,0.43750000000000006f,0f,0f,0f,1f], start_interpolation: 0, interpolation_duration: 1 }
execute on passengers if entity @s[tag=aj.shrieker.bone.bone] run data merge entity @s { transformation: [-0.9902697847463672f,0.13909612277551014f,0.004870561656061821f,0.43750000000000006f,0.1370741988138469f,0.9807524341748425f,-0.1390958585129772f,0.45f,-0.024124320368390455f,-0.1370746765179305f,-0.990271354464138f,-0.43749999999999994f,0f,0f,0f,1f], start_interpolation: 0, interpolation_duration: 1 }
execute on passengers if entity @s[tag=aj.shrieker.bone.bone3] run data merge entity @s { transformation: [-0.9902707802261848f,-0.1378191291183436f,-0.019369170829032986f,-0.43750000000000006f,-0.1391734820343764f,0.9806340584940221f,0.13781881166458965f,0.45f,-1.2127319412931493e-16f,0.13917355660420686f,-0.9902690298187409f,0.43749999999999994f,0f,0f,0f,1f], start_interpolation: 0, interpolation_duration: 1 }
execute on passengers if entity @s[tag=aj.shrieker.bone.bone4] run data merge entity @s { transformation: [-0.9902715871600614f,-0.13781934137029814f,0.01936926016407931f,-0.43749999999999994f,-0.13917359544153696f,0.9806355687451533f,-0.13781944731647167f,0.45f,-1.2127329295021383e-16f,-0.139173770942083f,-0.9902735971660058f,-0.43750000000000006f,0f,0f,0f,1f], start_interpolation: 0, interpolation_duration: 1 }