# This file was generated by Animated Java via MC-Build. It is not recommended to edit this file directly.
execute on passengers if entity @s[tag=aj.shrieker.bone.bone5] run data merge entity @s { transformation: [-1.0000057005052465f,0f,1.2246529457544192e-16f,0f,0f,1.0000019259621868f,0f,0f,-1.2246537802528568e-16f,0f,-1.0000050190855603f,0f,0f,0f,0f,1f], start_interpolation: 0, interpolation_duration: 1 }
execute on passengers if entity @s[tag=aj.shrieker.bone.bone2] run data merge entity @s { transformation: [-0.9945255462817522f,0.10428332364542278f,-0.00729780699489928f,0.43749999999999994f,0.10296102026567445f,0.9892040338301848f,0.10428425645463404f,0.4625f,0.018094043217329533f,0.1029605611132849f,-0.9945300071596282f,0.43750000000000006f,0f,0f,0f,1f], start_interpolation: 0, interpolation_duration: 1 }
execute on passengers if entity @s[tag=aj.shrieker.bone.bone] run data merge entity @s { transformation: [-0.9945234716668098f,0.10428340907914077f,0.007297765955216774f,0.43750000000000006f,0.10296080548539864f,0.9892048442318432f,-0.10428367000547151f,0.4625f,-0.018094005472525165f,-0.10296064546333462f,-0.9945244143567483f,-0.43749999999999994f,0f,0f,0f,1f], start_interpolation: 0, interpolation_duration: 1 }
execute on passengers if entity @s[tag=aj.shrieker.bone.bone3] run data merge entity @s { transformation: [-0.9945255086285404f,-0.10395597175578351f,-0.010926199851452288f,-0.43750000000000006f,-0.10452884303661057f,0.9890750024773942f,0.10395584748639096f,0.4625f,-1.2179424808123356e-16f,0.10452859031051134f,-0.9945219152433513f,0.43749999999999994f,0f,0f,0f,1f], start_interpolation: 0, interpolation_duration: 1 }
execute on passengers if entity @s[tag=aj.shrieker.bone.bone4] run data merge entity @s { transformation: [-0.9945267213158333f,-0.10395671773133879f,0.01092627258099475f,-0.43749999999999994f,-0.10452897049518112f,0.9890820999607014f,-0.10395653946176221f,0.4625f,-1.217943965925947e-16f,-0.10452934039510858f,-0.9945285352141194f,-0.43750000000000006f,0f,0f,0f,1f], start_interpolation: 0, interpolation_duration: 1 }