# This file was generated by Animated Java via MC-Build. It is not recommended to edit this file directly.
execute on passengers if entity @s[tag=aj.shrieker.bone.bone5] run data merge entity @s { transformation: [-1.00000094748663f,0f,1.2246569935919535e-16f,0f,0f,1.0000053436127043f,0f,0f,-1.2246479594838218e-16f,0f,-1.000008324395742f,0f,0f,0f,0f,1f], start_interpolation: 0, interpolation_duration: 1 }
execute on passengers if entity @s[tag=aj.shrieker.bone.bone2] run data merge entity @s { transformation: [-0.9975734131101603f,0.06938417116733055f,-0.0072837308871605035f,0.43749999999999994f,0.06871499759698793f,0.9952251159039899f,0.06938420482603858f,0.475f,0.012063124866907948f,0.06871461653213415f,-0.997568364908693f,0.43750000000000006f,0f,0f,0f,1f], start_interpolation: 0, interpolation_duration: 1 }
execute on passengers if entity @s[tag=aj.shrieker.bone.bone] run data merge entity @s { transformation: [-0.997572999132721f,0.06938413780532371f,0.0072837628469407546f,0.43750000000000006f,0.06871496908133347f,0.9952246373696702f,-0.06938450927220174f,0.475f,-0.012063119860899132f,-0.06871458349206935f,-0.9975727420700652f,-0.43749999999999994f,0f,0f,0f,1f], start_interpolation: 0, interpolation_duration: 1 }
execute on passengers if entity @s[tag=aj.shrieker.bone.bone3] run data merge entity @s { transformation: [-0.9975702597316687f,-0.06958694825521722f,-0.004865982466348917f,-0.43750000000000006f,-0.0697569079526953f,0.9951397228209424f,0.06958679126226955f,0.475f,-1.221671225504982e-16f,0.06975687249063621f,-0.9975675020145334f,0.43749999999999994f,0f,0f,0f,1f], start_interpolation: 0, interpolation_duration: 1 }
execute on passengers if entity @s[tag=aj.shrieker.bone.bone4] run data merge entity @s { transformation: [-0.9975664993731442f,-0.06958664792801007f,0.004865969918744948f,-0.43749999999999994f,-0.06975664500281192f,0.9951354279417857f,-0.06958661182316936f,0.475f,-1.2216666203939512e-16f,-0.0697565714300607f,-0.9975649296496967f,-0.43750000000000006f,0f,0f,0f,1f], start_interpolation: 0, interpolation_duration: 1 }