# This file was generated by Animated Java via MC-Build. It is not recommended to edit this file directly.
execute on passengers if entity @s[tag=aj.shrieker.bone.bone5] run data merge entity @s { transformation: [-1.0000097869823117f,0f,1.2246568721476652e-16f,0f,0f,1.0000004750822493f,0f,0f,-1.2246587847439145e-16f,0f,-1.000008225228955f,0f,0f,0f,0f,1f], start_interpolation: 0, interpolation_duration: 1 }
execute on passengers if entity @s[tag=aj.shrieker.bone.bone2] run data merge entity @s { transformation: [-0.9994005419426698f,0.034567119484199035f,-0.0048425453547345345f,0.43749999999999994f,0.03437969457090077f,0.998817240273171f,0.03456722618495921f,0.4875f,0.0060316715583218035f,0.03437957308497847f,-0.9994000953166926f,0.43750000000000006f,0f,0f,0f,1f], start_interpolation: 0, interpolation_duration: 1 }
execute on passengers if entity @s[tag=aj.shrieker.bone.bone] run data merge entity @s { transformation: [-0.9993942728064598f,0.0345669156597257f,0.004842533636436144f,0.43750000000000006f,0.034379478910633365f,0.9988113507631101f,-0.03456714253699109f,0.4875f,-0.006031633722270348f,-0.034379370366369476f,-0.9993976769049039f,-0.43749999999999994f,0f,0f,0f,1f], start_interpolation: 0, interpolation_duration: 1 }
execute on passengers if entity @s[tag=aj.shrieker.bone.bone3] run data merge entity @s { transformation: [-0.9993937624822622f,-0.03487831231459962f,-0.001217984779935234f,-0.43750000000000006f,-0.0348995992111336f,0.9987841855215078f,0.03487852065296506f,0.4875f,-1.2228201669546716e-16f,0.0348995721910235f,-0.999398958394307f,0.43749999999999994f,0f,0f,0f,1f], start_interpolation: 0, interpolation_duration: 1 }
execute on passengers if entity @s[tag=aj.shrieker.bone.bone4] run data merge entity @s { transformation: [-0.9993928931739999f,-0.034878389411941636f,0.0012179859261950484f,-0.43749999999999994f,-0.03489956885422015f,0.9987863933005217f,-0.03487855347754442f,0.4875f,-1.2249875121301322e-16f,-0.034899649335359786f,-0.9993998989402307f,-0.43750000000000006f,0f,0f,0f,1f], start_interpolation: 0, interpolation_duration: 1 }