# This file was generated by Animated Java via MC-Build. It is not recommended to edit this file directly.
execute on passengers if entity @s[tag=aj.shrieker.bone.bone5] run data merge entity @s { transformation: [-1.0000066586409257f,0f,1.2246556394666941e-16f,0f,0f,1.0000002676771276f,0f,0f,-1.2246549536306497e-16f,0f,-1.0000072186685558f,0f,0f,0f,0f,1f], start_interpolation: 0, interpolation_duration: 1 }
execute on passengers if entity @s[tag=aj.shrieker.bone.bone2] run data merge entity @s { transformation: [-0.9945244036912987f,0.1042838506266871f,-0.007297795444736152f,0.43749999999999994f,0.10296090197582335f,0.989209032635115f,0.10428409140502742f,0.4625f,0.018094022429446195f,0.10296108141015282f,-0.9945284331273431f,0.43750000000000006f,0f,0f,0f,1f], start_interpolation: 0, interpolation_duration: 1 }
execute on passengers if entity @s[tag=aj.shrieker.bone.bone] run data merge entity @s { transformation: [-0.9945224282125597f,0.10428409352945814f,0.007297783047754324f,0.43750000000000006f,0.10296069745889842f,0.9892113367465731f,-0.10428391425454121f,0.4625f,-0.018093986488290564f,-0.10296132123186853f,-0.9945267436923284f,-0.43749999999999994f,0f,0f,0f,1f], start_interpolation: 0, interpolation_duration: 1 }
execute on passengers if entity @s[tag=aj.shrieker.bone.bone3] run data merge entity @s { transformation: [-0.9945253005207076f,-0.10395684577297293f,-0.010926242252213263f,-0.43750000000000006f,-0.10452882116359602f,0.9890833181954731f,0.10395625090268396f,0.4625f,-1.2179422259537442e-16f,0.10452946914203179f,-0.9945257746351412f,0.43749999999999994f,0f,0f,0f,1f], start_interpolation: 0, interpolation_duration: 1 }
execute on passengers if entity @s[tag=aj.shrieker.bone.bone4] run data merge entity @s { transformation: [-0.9945296428203281f,-0.10395609866672045f,0.010926281635253467f,-0.43749999999999994f,-0.10452927755767692f,0.9890762099543013f,-0.10395662560727946f,0.4625f,-1.2179475437370754e-16f,-0.10452871792050927f,-0.9945293593486613f,-0.43750000000000006f,0f,0f,0f,1f], start_interpolation: 0, interpolation_duration: 1 }