# This file was generated by Animated Java via MC-Build. It is not recommended to edit this file directly.
execute on passengers if entity @s[tag=aj.shrieker.bone.bone5] run data merge entity @s { transformation: [-1.0000015407903449f,0f,1.2246478779711332e-16f,0f,0f,1.0000062263055403f,0f,0f,-1.2246486860713173e-16f,0f,-1.0000008809264684f,0f,0f,0f,0f,1f], start_interpolation: 0, interpolation_duration: 1 }
execute on passengers if entity @s[tag=aj.shrieker.bone.bone2] run data merge entity @s { transformation: [-0.9993978921911404f,0.03456690443441624f,-0.0048425135064675455f,0.43749999999999994f,0.03437960341861053f,0.9988110264076889f,0.03456699884454874f,0.4875f,0.006031655566304325f,0.03437935920196378f,-0.9993935225003873f,0.43750000000000006f,0f,0f,0f,1f], start_interpolation: 0, interpolation_duration: 1 }
execute on passengers if entity @s[tag=aj.shrieker.bone.bone] run data merge entity @s { transformation: [-0.9993911218734255f,0.0345669089356825f,0.004842544495433482f,0.43750000000000006f,0.03437937051754092f,0.9988111564718191f,-0.0345672200510647f,0.4875f,-0.006031614705477416f,-0.03437936367880806f,-0.9993999179748738f,-0.43749999999999994f,0f,0f,0f,1f], start_interpolation: 0, interpolation_duration: 1 }
execute on passengers if entity @s[tag=aj.shrieker.bone.bone3] run data merge entity @s { transformation: [-0.999395844481916f,-0.034878466201002635f,-0.0012179786702531375f,-0.43750000000000006f,-0.03489967191616359f,0.9987885922515213f,0.03487834569456105f,0.4875f,-1.2228227144101988e-16f,0.034899726171227094f,-0.9993939451872257f,0.43749999999999994f,0f,0f,0f,1f], start_interpolation: 0, interpolation_duration: 1 }
execute on passengers if entity @s[tag=aj.shrieker.bone.bone4] run data merge entity @s { transformation: [-0.9993963376529265f,-0.03487852501069885f,0.0012179802561786562f,-0.43749999999999994f,-0.034899689138074765f,0.9987902763408782f,-0.034878391109518896f,0.4875f,-1.2249917341370122e-16f,-0.034899785016770456f,-0.9993952464941823f,-0.43750000000000006f,0f,0f,0f,1f], start_interpolation: 0, interpolation_duration: 1 }