# This file was generated by Animated Java via MC-Build. It is not recommended to edit this file directly.
execute on passengers if entity @s[tag=aj.shrieker.bone.bone5] run data merge entity @s { transformation: [-1.0000085595804147f,0f,1.2246572111263553e-16f,0f,0f,1.000003773907174f,0f,0f,-1.22465728161011e-16f,0f,-1.0000085020260612f,0f,0f,0f,0f,1f], start_interpolation: 0, interpolation_duration: 1 }
execute on passengers if entity @s[tag=aj.shrieker.bone.bone2] run data merge entity @s { transformation: [-0.9975653517999945f,0.06938417625240287f,-0.007283713282449167f,0.43749999999999994f,0.06871444231664325f,0.9952251888426963f,0.06938403712504629f,0.475f,0.012063027385770376f,0.06871462156813571f,-0.9975659537950241f,0.43750000000000006f,0f,0f,0f,1f], start_interpolation: 0, interpolation_duration: 1 }
execute on passengers if entity @s[tag=aj.shrieker.bone.bone] run data merge entity @s { transformation: [-0.9975711453617688f,0.06938393893196117f,0.007283705533317481f,0.43750000000000006f,0.0687148413896119f,0.995221784791597f,-0.06938396330747046f,0.475f,-0.012063097444232673f,-0.06871438653782726f,-0.9975648924860618f,-0.43749999999999994f,0f,0f,0f,1f], start_interpolation: 0, interpolation_duration: 1 }
execute on passengers if entity @s[tag=aj.shrieker.bone.bone3] run data merge entity @s { transformation: [-0.9975695775434321f,-0.06958698011109815f,-0.00486600413474545f,-0.43750000000000006f,-0.06975686024944679f,0.995140178381264f,0.06958710113477667f,0.475f,-1.2216703900653415e-16f,0.06975690442430596f,-0.9975719442188263f,0.43749999999999994f,0f,0f,0f,1f], start_interpolation: 0, interpolation_duration: 1 }
execute on passengers if entity @s[tag=aj.shrieker.bone.bone4] run data merge entity @s { transformation: [-0.9975708407264935f,-0.06958702909095563f,0.004865973769314697f,-0.43749999999999994f,-0.06975694857981116f,0.9951408788258596f,-0.06958666688888222f,0.475f,-1.2216719370184343e-16f,-0.06975695352376732f,-0.9975657190490158f,-0.43750000000000006f,0f,0f,0f,1f], start_interpolation: 0, interpolation_duration: 1 }