# This file was generated by Animated Java via MC-Build. It is not recommended to edit this file directly.
execute on passengers if entity @s[tag=aj.shrieker.bone.bone5] run data merge entity @s { transformation: [-1.0000026520500758f,0f,1.224653569310229e-16f,0f,0f,1.0000028159798735f,0f,0f,-1.2246500469719898e-16f,0f,-1.0000055282575193f,0f,0f,0f,0f,1f], start_interpolation: 0, interpolation_duration: 1 }
execute on passengers if entity @s[tag=aj.shrieker.bone.bone2] run data merge entity @s { transformation: [-0.9945236983507069f,0.10428381440147641f,-0.007297796763443608f,0.43749999999999994f,0.10296082895347888f,0.9892086890123454f,0.104284110249103f,0.4625f,0.018094009596730926f,0.10296104564443413f,-0.9945286128380616f,0.43750000000000006f,0f,0f,0f,1f], start_interpolation: 0, interpolation_duration: 1 }
execute on passengers if entity @s[tag=aj.shrieker.bone.bone] run data merge entity @s { transformation: [-0.9945211477700314f,0.10428420856120708f,0.0072977640302558065f,0.43750000000000006f,0.1029605648975282f,0.9892124279073278f,-0.10428364249815002f,0.4625f,-0.018093963192375703f,-0.10296143480451854f,-0.9945241520270587f,-0.43749999999999994f,0f,0f,0f,1f], start_interpolation: 0, interpolation_duration: 1 }
execute on passengers if entity @s[tag=aj.shrieker.bone.bone3] run data merge entity @s { transformation: [-0.9945294251628739f,-0.1039563069647708f,-0.0109262318603013f,-0.43750000000000006f,-0.10452925468095658f,0.9890781917778678f,0.10395615203024622f,0.4625f,-1.2179472771835708e-16f,0.10452892736592347f,-0.9945248287450498f,0.43749999999999994f,0f,0f,0f,1f], start_interpolation: 0, interpolation_duration: 1 }
execute on passengers if entity @s[tag=aj.shrieker.bone.bone4] run data merge entity @s { transformation: [-0.9945291066807438f,-0.10395655405422656f,0.01092623156284055f,-0.43749999999999994f,-0.10452922120713586f,0.9890805426770028f,-0.10395614920009391f,0.4625f,-1.2179468871554494e-16f,-0.10452917581641707f,-0.9945248016696273f,-0.43750000000000006f,0f,0f,0f,1f], start_interpolation: 0, interpolation_duration: 1 }