# This file was generated by Animated Java via MC-Build. It is not recommended to edit this file directly.
execute on passengers if entity @s[tag=aj.shrieker.bone.bone5] run data merge entity @s { transformation: [-1.0000062633028817f,0f,1.224647161651852e-16f,0f,0f,1.000003498532414f,0f,0f,-1.2246544694811794e-16f,0f,-1.0000002960073868f,0f,0f,0f,0f,1f], start_interpolation: 0, interpolation_duration: 1 }
execute on passengers if entity @s[tag=aj.shrieker.bone.bone2] run data merge entity @s { transformation: [-0.9902750623086299f,0.1390961950690524f,-0.004870550367647754f,0.43749999999999994f,0.137074929339639f,0.9807529439091627f,0.13909553613298833f,0.45f,0.024124448936993198f,0.13707474776085043f,-0.9902690593298927f,0.43750000000000006f,0f,0f,0f,1f], start_interpolation: 0, interpolation_duration: 1 }
execute on passengers if entity @s[tag=aj.shrieker.bone.bone] run data merge entity @s { transformation: [-0.9902742648987319f,0.13909549353563544f,0.004870557480452546f,0.43750000000000006f,0.1370748189613112f,0.9807479974693003f,-0.13909573926390528f,0.45f,-0.024124429511002524f,-0.13707405642262838f,-0.9902705054888972f,-0.43749999999999994f,0f,0f,0f,1f], start_interpolation: 0, interpolation_duration: 1 }
execute on passengers if entity @s[tag=aj.shrieker.bone.bone3] run data merge entity @s { transformation: [-0.9902709623928536f,-0.13781910943067185f,-0.019369280980529383f,-0.43750000000000006f,-0.1391735076362321f,0.9806339184089585f,0.13781959543321198f,0.45f,-1.212732164382977e-16f,0.13917353672305308f,-0.9902746614287067f,0.43749999999999994f,0f,0f,0f,1f], start_interpolation: 0, interpolation_duration: 1 }
execute on passengers if entity @s[tag=aj.shrieker.bone.bone4] run data merge entity @s { transformation: [-0.9902697505333339f,-0.1378190353805524f,0.019369327703555348f,-0.43749999999999994f,-0.13917333732048365f,0.9806333915149811f,-0.13781992788481454f,0.45f,-1.2127306802830953e-16f,-0.13917346194520083f,-0.9902770501920544f,-0.43750000000000006f,0f,0f,0f,1f], start_interpolation: 0, interpolation_duration: 1 }