# This file was generated by Animated Java via MC-Build. It is not recommended to edit this file directly.
execute on passengers if entity @s[tag=aj.shrieker.bone.bone5] run data merge entity @s { transformation: [-1.0000063736331901f,0f,1.2246514042015852e-16f,0f,0f,1.0000071616351434f,0f,0f,-1.2246546045968384e-16f,0f,-1.0000037603121448f,0f,0f,0f,0f,1f], start_interpolation: 0, interpolation_duration: 1 }
execute on passengers if entity @s[tag=aj.shrieker.bone.bone2] run data merge entity @s { transformation: [-0.9848145262244835f,0.17364934101773027f,4.169922910758448e-8f,0.43749999999999994f,0.17101131658068683f,0.9698524353319246f,0.1736486052105021f,0.4375f,0.030153878625285024f,0.17101122255456502f,-0.9848098117812407f,0.43750000000000006f,0f,0f,0f,1f], start_interpolation: 0, interpolation_duration: 1 }
execute on passengers if entity @s[tag=aj.shrieker.bone.bone] run data merge entity @s { transformation: [-0.9848111851252961f,0.17364984552288415f,-4.169949699271543e-8f,0.43750000000000006f,0.17101073640466824f,0.9698552530538302f,-0.1736497217722753f,0.4375f,-0.030153776324703084f,-0.17101171939516704f,-0.9848161441153724f,-0.43749999999999994f,0f,0f,0f,1f], start_interpolation: 0, interpolation_duration: 1 }
execute on passengers if entity @s[tag=aj.shrieker.bone.bone3] run data merge entity @s { transformation: [-0.9848087711908486f,-0.17101107013582947f,-0.030153863764768602f,-0.43750000000000006f,-0.17364835719929583f,0.9698519730146987f,0.1710110593603621f,0.4375f,-1.2060429094111108e-16f,0.17364919154298078f,-0.984813440935577f,0.43749999999999994f,0f,0f,0f,1f], start_interpolation: 0, interpolation_duration: 1 }
execute on passengers if entity @s[tag=aj.shrieker.bone.bone4] run data merge entity @s { transformation: [-0.984810878638417f,-0.17101077718332158f,0.030153971763794626f,-0.43749999999999994f,-0.17364872879916257f,0.9698503115984669f,-0.17101167185327357f,0.4375f,-1.2060454902900297e-16f,-0.17364889407120834f,-0.9848169681416767f,-0.43750000000000006f,0f,0f,0f,1f], start_interpolation: 0, interpolation_duration: 1 }