# This file was generated by Animated Java via MC-Build. It is not recommended to edit this file directly.
execute on passengers if entity @s[tag=aj.shrieker.bone.bone5] run data merge entity @s { transformation: [-1.0000055601931002f,0f,1.2246527383314417e-16f,0f,0f,1.0000085511275902f,0f,0f,-1.224653608420036e-16f,0f,-1.0000048497118457f,0f,0f,0f,0f,1f], start_interpolation: 0, interpolation_duration: 1 }
execute on passengers if entity @s[tag=aj.shrieker.bone.bone2] run data merge entity @s { transformation: [-0.9902765117768891f,0.13909658925597196f,-0.004870580191527241f,0.43749999999999994f,0.13707512997657992f,0.9807557232805296f,0.13909638785778206f,0.45f,0.024124484248013663f,0.1370751362191583f,-0.9902751230522362f,0.43750000000000006f,0f,0f,0f,1f], start_interpolation: 0, interpolation_duration: 1 }
execute on passengers if entity @s[tag=aj.shrieker.bone.bone] run data merge entity @s { transformation: [-0.9902760570301633f,0.1390957858936751f,0.004870588739592544f,0.43750000000000006f,0.13707506703005357f,0.980750058855724f,-0.13909663197756375f,0.45f,-0.024124473169764453f,-0.13707434453190787f,-0.9902768610250949f,-0.43749999999999994f,0f,0f,0f,1f], start_interpolation: 0, interpolation_duration: 1 }
execute on passengers if entity @s[tag=aj.shrieker.bone.bone3] run data merge entity @s { transformation: [-0.9902717931415664f,-0.13781951488484334f,-0.019369226528592808f,-0.43750000000000006f,-0.1391736243903496f,0.9806368033652942f,0.13781920798755115f,0.45f,-1.2127331817567291e-16f,0.13917394616185486f,-0.9902718775167428f,0.43749999999999994f,0f,0f,0f,1f], start_interpolation: 0, interpolation_duration: 1 }
execute on passengers if entity @s[tag=aj.shrieker.bone.bone4] run data merge entity @s { transformation: [-0.9902739619953737f,-0.13781973792154018f,0.01936922903228379f,-0.43749999999999994f,-0.13917392920287405f,0.9806383903538543f,-0.13781922580223643f,0.45f,-1.212735837836602e-16f,-0.13917417139046112f,-0.9902720055205391f,-0.43750000000000006f,0f,0f,0f,1f], start_interpolation: 0, interpolation_duration: 1 }