# This file was generated by Animated Java via MC-Build. It is not recommended to edit this file directly.
execute on passengers if entity @s[tag=aj.shrieker.bone.bone5] run data merge entity @s { transformation: [-1.0000008638295124f,0f,1.22465498476406e-16f,0f,0f,1.0000006881205843f,0f,0f,-1.2246478570334005e-16f,0f,-1.0000066840632846f,0f,0f,0f,0f,1f], start_interpolation: 0, interpolation_duration: 1 }
execute on passengers if entity @s[tag=aj.shrieker.bone.bone2] run data merge entity @s { transformation: [-0.9945250880576463f,0.10428332937322357f,-0.007297766968328211f,0.43749999999999994f,0.1029609728267508f,0.9892040881625885f,0.10428368448264229f,0.4625f,0.01809403488056352f,0.10296056676843246f,-0.9945245524215076f,0.43750000000000006f,0f,0f,0f,1f], start_interpolation: 0, interpolation_duration: 1 }
execute on passengers if entity @s[tag=aj.shrieker.bone.bone] run data merge entity @s { transformation: [-0.9945304637644372f,0.10428416710319346f,0.00729775087795065f,0.43750000000000006f,0.10296152936173164f,0.9892120346475728f,-0.10428345455424236f,0.4625f,-0.01809413268425655f,-0.10296139387237142f,-0.9945223596581798f,-0.43749999999999994f,0f,0f,0f,1f], start_interpolation: 0, interpolation_duration: 1 }
execute on passengers if entity @s[tag=aj.shrieker.bone.bone3] run data merge entity @s { transformation: [-0.9945219485169766f,-0.10395661918565524f,-0.010926217805478037f,-0.43750000000000006f,-0.1045284688538072f,0.9890811623611524f,0.10395601830753536f,0.4625f,-1.2179381209331043e-16f,0.1045292413066078f,-0.9945235494503325f,0.43749999999999994f,0f,0f,0f,1f], start_interpolation: 0, interpolation_duration: 1 }
execute on passengers if entity @s[tag=aj.shrieker.bone.bone4] run data merge entity @s { transformation: [-0.9945299591070993f,-0.10395596791843036f,0.01092624464858684f,-0.43749999999999994f,-0.10452931080075609f,0.9890749659674182f,-0.10395627370265327f,0.4625f,-1.2179479310766575e-16f,-0.10452858645202104f,-0.9945259927572552f,-0.43750000000000006f,0f,0f,0f,1f], start_interpolation: 0, interpolation_duration: 1 }