# This file was generated by Animated Java via MC-Build. It is not recommended to edit this file directly.
execute on passengers if entity @s[tag=aj.shrieker.bone.bone5] run data merge entity @s { transformation: [-1.000005527702546f,0f,1.22465125733946e-16f,0f,0f,1.0000025765700873f,0f,0f,-1.2246535686305827e-16f,0f,-1.000003640390119f,0f,0f,0f,0f,1f], start_interpolation: 0, interpolation_duration: 1 }
execute on passengers if entity @s[tag=aj.shrieker.bone.bone2] run data merge entity @s { transformation: [-0.9975652387303776f,0.06938426125704641f,-0.007283764441420906f,0.43749999999999994f,0.06871443452816539f,0.9952264081230423f,0.06938452446108723f,0.475f,0.01206302601847962f,0.06871470575248766f,-0.9975729604476008f,0.43750000000000006f,0f,0f,0f,1f], start_interpolation: 0, interpolation_duration: 1 }
execute on passengers if entity @s[tag=aj.shrieker.bone.bone] run data merge entity @s { transformation: [-0.9975694429971406f,0.0693839453126014f,0.007283720650472605f,0.43750000000000006f,0.06871472412708284f,0.9952218763135294f,-0.0693841073122125f,0.475f,-0.012063076858442384f,-0.06871439285689457f,-0.9975669629079312f,-0.43749999999999994f,0f,0f,0f,1f], start_interpolation: 0, interpolation_duration: 1 }
execute on passengers if entity @s[tag=aj.shrieker.bone.bone3] run data merge entity @s { transformation: [-0.9975656060429818f,-0.06958722762792299f,-0.004865971241356813f,-0.43750000000000006f,-0.06975658253508166f,0.995143718036769f,0.06958663073740372f,0.475f,-1.2216655263800274e-16f,0.06975715254554167f,-0.9975652007963495f,0.43749999999999994f,0f,0f,0f,1f], start_interpolation: 0, interpolation_duration: 1 }
execute on passengers if entity @s[tag=aj.shrieker.bone.bone4] run data merge entity @s { transformation: [-0.9975732848179865f,-0.06958712360296193f,0.004865989433683733f,-0.43749999999999994f,-0.06975711948733737f,0.995142230410519f,-0.06958689089979594f,0.475f,-1.2216749301672581e-16f,-0.06975704826656232f,-0.9975689303769641f,-0.43750000000000006f,0f,0f,0f,1f], start_interpolation: 0, interpolation_duration: 1 }