# This file was generated by Animated Java via MC-Build. It is not recommended to edit this file directly.
execute on passengers if entity @s[tag=aj.shrieker.bone.bone5] run data merge entity @s { transformation: [-1.0000040736577271f,0f,1.2246517565625524e-16f,0f,0f,1.0000037474743027f,0f,0f,-1.2246517879392496e-16f,0f,-1.0000040480367096f,0f,0f,0f,0f,1f], start_interpolation: 0, interpolation_duration: 1 }
execute on passengers if entity @s[tag=aj.shrieker.bone.bone2] run data merge entity @s { transformation: [-0.99939801181664f,0.03456706882519623f,-0.004842540045177716f,0.43749999999999994f,0.03437960753376553f,0.9988157764808118f,0.0345671882840955f,0.4875f,0.00603165628827884f,0.03437952270082974f,-0.9993989995351972f,0.43750000000000006f,0f,0f,0f,1f], start_interpolation: 0, interpolation_duration: 1 }
execute on passengers if entity @s[tag=aj.shrieker.bone.bone] run data merge entity @s { transformation: [-0.999393009273555f,0.03456697533292586f,0.004842533092899855f,0.43750000000000006f,0.03437943544470202f,0.998813075020786f,-0.03456713865710139f,0.4875f,-0.006031626096483524f,-0.03437942971580839f,-0.9993975647303801f,-0.43749999999999994f,0f,0f,0f,1f], start_interpolation: 0, interpolation_duration: 1 }
execute on passengers if entity @s[tag=aj.shrieker.bone.bone3] run data merge entity @s { transformation: [-0.9993927716747231f,-0.034878331745831215f,-0.0012179822992132575f,-0.43750000000000006f,-0.03489956461137191f,0.9987847419591773f,0.03487844961438221f,0.4875f,-1.2228189546402807e-16f,0.03489959163409929f,-0.9993969228754727f,0.43749999999999994f,0f,0f,0f,1f], start_interpolation: 0, interpolation_duration: 1 }
execute on passengers if entity @s[tag=aj.shrieker.bone.bone4] run data merge entity @s { transformation: [-0.9993948742165789f,-0.034878343084134615f,0.0012179773012049597f,-0.43749999999999994f,-0.03489963803375141f,0.9987850666457058f,-0.03487830649014368f,0.4875f,-1.2249899403567454e-16f,-0.034899602979313916f,-0.9993928218352843f,-0.43750000000000006f,0f,0f,0f,1f], start_interpolation: 0, interpolation_duration: 1 }