# This file was generated by Animated Java via MC-Build. It is not recommended to edit this file directly.
execute on passengers if entity @s[tag=aj.shrieker.bone.bone5] run data merge entity @s { transformation: [-1.000002842402117f,0f,1.2246577331006186e-16f,0f,0f,1.0000090632848484f,0f,0f,-1.2246502800860077e-16f,0f,-1.0000089282503926f,0f,0f,0f,0f,1f], start_interpolation: 0, interpolation_duration: 1 }
execute on passengers if entity @s[tag=aj.shrieker.bone.bone2] run data merge entity @s { transformation: [-0.9902744996754294f,0.13909557905966008f,-0.004870568358879885f,0.43749999999999994f,0.13707485145935186f,0.9807486004903889f,0.13909604993530855f,0.45f,0.024124435230482317f,0.13707414070375565f,-0.9902727172656859f,0.43750000000000006f,0f,0f,0f,1f], start_interpolation: 0, interpolation_duration: 1 }
execute on passengers if entity @s[tag=aj.shrieker.bone.bone] run data merge entity @s { transformation: [-0.9902698203312668f,0.13909662044926288f,0.004870566946042825f,0.43750000000000006f,0.13707420373954668f,0.9807559432212102f,-0.13909600958681662f,0.45f,-0.02412432123528708f,-0.13707516695912547f,-0.9902724300108662f,-0.43749999999999994f,0f,0f,0f,1f], start_interpolation: 0, interpolation_duration: 1 }
execute on passengers if entity @s[tag=aj.shrieker.bone.bone3] run data merge entity @s { transformation: [-0.9902751570369009f,-0.13781908001192014f,-0.01936920443385271f,-0.43750000000000006f,-0.1391740971550078f,0.9806337090836631f,0.13781905077530643f,0.45f,-1.2127373013403833e-16f,0.13917350701518647f,-0.9902707479001454f,0.43749999999999994f,0f,0f,0f,1f], start_interpolation: 0, interpolation_duration: 1 }
execute on passengers if entity @s[tag=aj.shrieker.bone.bone4] run data merge entity @s { transformation: [-0.9902720545351301f,-0.13781996820540574f,0.01936931529480138f,-0.43749999999999994f,-0.13917366112681928f,0.9806400289086987f,-0.13781983959194222f,0.45f,-1.2127335018715203e-16f,-0.13917440393745809f,-0.9902764157815848f,-0.43750000000000006f,0f,0f,0f,1f], start_interpolation: 0, interpolation_duration: 1 }