# This file was generated by Animated Java via MC-Build. It is not recommended to edit this file directly.
execute on passengers if entity @s[tag=aj.shrieker.bone.bone5] run data merge entity @s { transformation: [-1.000008233466049f,0f,1.2246536727496588e-16f,0f,0f,1.0000098034226894f,0f,0f,-1.224656882235196e-16f,0f,-1.0000056127222237f,0f,0f,0f,0f,1f], start_interpolation: 0, interpolation_duration: 1 }
execute on passengers if entity @s[tag=aj.shrieker.bone.bone2] run data merge entity @s { transformation: [-0.9848142382354245f,0.17364910369163564f,4.169942435310831e-8f,0.43749999999999994f,0.17101126657189145f,0.9698511098371689f,0.17364941827380356f,0.4375f,0.03015386980739404f,0.1710109888339799f,-0.9848144228906471f,0.43750000000000006f,0f,0f,0f,1f], start_interpolation: 0, interpolation_duration: 1 }
execute on passengers if entity @s[tag=aj.shrieker.bone.bone] run data merge entity @s { transformation: [-0.984816357334764f,0.17364861808415705f,-4.169953664114475e-8f,0.43750000000000006f,0.17101163454977802f,0.96984839766105f,-0.17364988688071106f,0.4375f,-0.030153934691758373f,-0.17101051060395536f,-0.9848170804914945f,-0.43749999999999994f,0f,0f,0f,1f], start_interpolation: 0, interpolation_duration: 1 }
execute on passengers if entity @s[tag=aj.shrieker.bone.bone3] run data merge entity @s { transformation: [-0.9848116845107122f,-0.17101098988307692f,-0.03015384935111659f,-0.43750000000000006f,-0.17364887089619124f,0.969851517878722f,0.1710109776164795f,0.4375f,-1.2060464771989567e-16f,0.17364911005220013f,-0.9848129701913187f,0.43749999999999994f,0f,0f,0f,1f], start_interpolation: 0, interpolation_duration: 1 }
execute on passengers if entity @s[tag=aj.shrieker.bone.bone4] run data merge entity @s { transformation: [-0.9848147122041913f,-0.17101097511742114f,0.03015398024460358f,-0.43749999999999994f,-0.1736494047602409f,0.9698514341385273f,-0.17101171995033118f,0.4375f,-1.2060501850540846e-16f,-0.17364909505876044f,-0.9848172451215925f,-0.43750000000000006f,0f,0f,0f,1f], start_interpolation: 0, interpolation_duration: 1 }