# This file was generated by Animated Java via MC-Build. It is not recommended to edit this file directly.
execute on passengers if entity @s[tag=aj.shrieker.bone.bone5] run data merge entity @s { transformation: [-1.000001505263257f,0f,1.2246484811257634e-16f,0f,0f,1.0000063260167174f,0f,0f,-1.2246486425631828e-16f,0f,-1.0000013734396003f,0f,0f,0f,0f,1f], start_interpolation: 0, interpolation_duration: 1 }
execute on passengers if entity @s[tag=aj.shrieker.bone.bone2] run data merge entity @s { transformation: [-0.9902672713229188f,0.13909650160433662f,-0.004870552821003436f,0.43749999999999994f,0.13707385090309498f,0.980755105257877f,0.13909560619710815f,0.45f,0.02412425913797259f,0.13707504984134042f,-0.9902695581405082f,0.43750000000000006f,0f,0f,0f,1f], start_interpolation: 0, interpolation_duration: 1 }
execute on passengers if entity @s[tag=aj.shrieker.bone.bone] run data merge entity @s { transformation: [-0.9902738125748667f,0.13909572753931712f,0.004870547590361097f,0.43750000000000006f,0.1370747563501598f,0.9807496474051562f,-0.13909545681788418f,0.45f,-0.024124418491777253f,-0.13707428702559799f,-0.9902684946583311f,-0.43749999999999994f,0f,0f,0f,1f], start_interpolation: 0, interpolation_duration: 1 }
execute on passengers if entity @s[tag=aj.shrieker.bone.bone3] run data merge entity @s { transformation: [-0.9902721385901275f,-0.13781882815091354f,-0.019369332401183208f,-0.43750000000000006f,-0.13917367293997876f,0.9806319169994826f,0.1378199613101753f,0.45f,-1.2127336048092038e-16f,0.13917325267899758f,-0.990277290363183f,0.43749999999999994f,0f,0f,0f,1f], start_interpolation: 0, interpolation_duration: 1 }
execute on passengers if entity @s[tag=aj.shrieker.bone.bone4] run data merge entity @s { transformation: [-0.990269570987665f,-0.1378194185260827f,0.019369272087193676f,-0.43749999999999994f,-0.13917331208698552f,0.9806361177370865f,-0.1378195321538386f,0.45f,-1.2127304604030666e-16f,-0.13917384885612163f,-0.9902742067476442f,-0.43750000000000006f,0f,0f,0f,1f], start_interpolation: 0, interpolation_duration: 1 }