# This file was generated by Animated Java via MC-Build. It is not recommended to edit this file directly.
execute on passengers if entity @s[tag=aj.shrieker.bone.bone5] run data merge entity @s { transformation: [-1.0000004387487285f,0f,1.2246507440377002e-16f,0f,0f,1.0000041267955126f,0f,0f,-1.224647336459579e-16f,0f,-1.000003221247424f,0f,0f,0f,0f,1f], start_interpolation: 0, interpolation_duration: 1 }
execute on passengers if entity @s[tag=aj.shrieker.bone.bone2] run data merge entity @s { transformation: [-0.9945220230312604f,0.10428364276263821f,-0.007297810100025759f,0.43749999999999994f,0.1029606555113787f,0.9892070608917098f,0.10428430082629339f,0.4625f,0.018093979116566225f,0.10296087618271701f,-0.9945304303198264f,0.43750000000000006f,0f,0f,0f,1f], start_interpolation: 0, interpolation_duration: 1 }
execute on passengers if entity @s[tag=aj.shrieker.bone.bone] run data merge entity @s { transformation: [-0.9945273755188621f,0.10428362595916454f,0.007297755547449969f,0.43750000000000006f,0.10296120964252847f,0.9892069014984015f,-0.1042835212804883f,0.4625f,-0.018094076497817607f,-0.10296085959238387f,-0.9945229960078653f,-0.43749999999999994f,0f,0f,0f,1f], start_interpolation: 0, interpolation_duration: 1 }
execute on passengers if entity @s[tag=aj.shrieker.bone.bone3] run data merge entity @s { transformation: [-0.9945233440085706f,-0.10395628544328181f,-0.010926240856129081f,-0.43750000000000006f,-0.10452861552588408f,0.9890779870145772f,0.10395623761983024f,0.4625f,-1.226613459931465e-16f,0.10452890572588809f,-0.994525647561105f,0.43749999999999994f,0f,0f,0f,1f], start_interpolation: 0, interpolation_duration: 1 }
execute on passengers if entity @s[tag=aj.shrieker.bone.bone4] run data merge entity @s { transformation: [-0.9945219005776947f,-0.10395604722751363f,0.010926265995710057f,-0.43749999999999994f,-0.10452846381518571f,0.9890757205429402f,-0.10395647680696354f,0.4625f,-1.2092644447990987e-16f,-0.10452866619796092f,-0.9945279358099305f,-0.43750000000000006f,0f,0f,0f,1f], start_interpolation: 0, interpolation_duration: 1 }