# This file was generated by Animated Java via MC-Build. It is not recommended to edit this file directly.
execute on passengers if entity @s[tag=aj.shrieker.bone.bone5] run data merge entity @s { transformation: [-1.0000096367649571f,0f,1.2246550884269e-16f,0f,0f,1.000005553457606f,0f,0f,-1.224658600780712e-16f,0f,-1.000006768710417f,0f,0f,0f,0f,1f], start_interpolation: 0, interpolation_duration: 1 }
execute on passengers if entity @s[tag=aj.shrieker.bone.bone2] run data merge entity @s { transformation: [-0.9975674110730546f,0.06938440034011802f,-0.007283747762949397f,0.43749999999999994f,0.06871458416379098f,0.9952284030876545f,0.06938436558337722f,0.475f,0.012063052287464546f,0.06871484349341285f,-0.9975706761902873f,0.43750000000000006f,0f,0f,0f,1f], start_interpolation: 0, interpolation_duration: 1 }
execute on passengers if entity @s[tag=aj.shrieker.bone.bone] run data merge entity @s { transformation: [-0.9975681792669905f,0.06938444516192384f,0.007283747908604141f,0.43750000000000006f,0.06871463707863791f,0.9952290459977897f,-0.06938436697086967f,0.475f,-0.012063061576825601f,-0.06871488788268988f,-0.9975706961388991f,-0.43749999999999994f,0f,0f,0f,1f], start_interpolation: 0, interpolation_duration: 1 }
execute on passengers if entity @s[tag=aj.shrieker.bone.bone3] run data merge entity @s { transformation: [-0.9975669570910415f,-0.069587008499833f,-0.004865990667175056f,-0.43750000000000006f,-0.06975667700956517f,0.9951405843590877f,0.06958690853954726f,0.475f,-1.221667180936709e-16f,0.0697569328823632f,-0.9975691832531555f,0.43749999999999994f,0f,0f,0f,1f], start_interpolation: 0, interpolation_duration: 1 }
execute on passengers if entity @s[tag=aj.shrieker.bone.bone4] run data merge entity @s { transformation: [-0.997571527471971f,-0.06958671129900715f,0.004865992395759427f,-0.43749999999999994f,-0.06975699660173294f,0.9951363341892665f,-0.06958693325945195f,0.475f,-1.221672778039085e-16f,-0.0697566349558033f,-0.9975695376275004f,-0.43750000000000006f,0f,0f,0f,1f], start_interpolation: 0, interpolation_duration: 1 }