# This file was generated by Animated Java via MC-Build. It is not recommended to edit this file directly.
execute on passengers if entity @s[tag=aj.shrieker.bone.bone5] run data merge entity @s { transformation: [-1.0000022672837598f,0f,1.2246531919647065e-16f,0f,0f,1.000000504531974f,0f,0f,-1.2246495757691524e-16f,0f,-1.0000052201315168f,0f,0f,0f,0f,1f], start_interpolation: 0, interpolation_duration: 1 }
execute on passengers if entity @s[tag=aj.shrieker.bone.bone2] run data merge entity @s { transformation: [-0.9994000660362272f,0.03456698916685882f,-0.004842511689285578f,0.43749999999999994f,0.03437967819956868f,0.9988134747524092f,0.034566985873077015f,0.4875f,0.006031668686088663f,0.03437944347468438f,-0.9993931474720302f,0.43750000000000006f,0f,0f,0f,1f], start_interpolation: 0, interpolation_duration: 1 }
execute on passengers if entity @s[tag=aj.shrieker.bone.bone] run data merge entity @s { transformation: [-0.9993986786937731f,0.03456701398343613f,0.004842511668210255f,0.43750000000000006f,0.03437963047454969f,0.9988141918276421f,-0.03456698572263467f,0.4875f,-0.006031660313075615f,-0.034379468156617535f,-0.9993931431224738f,-0.43749999999999994f,0f,0f,0f,1f], start_interpolation: 0, interpolation_duration: 1 }
execute on passengers if entity @s[tag=aj.shrieker.bone.bone3] run data merge entity @s { transformation: [-0.9993931912009519f,-0.034878449656613686f,-0.001217984059687306f,-0.43750000000000006f,-0.034899579261550615f,0.99878811848221f,0.034878500027763f,0.4875f,-1.2239036726939045e-16f,0.03489970961675361f,-0.9993983674057836f,0.43749999999999994f,0f,0f,0f,1f], start_interpolation: 0, interpolation_duration: 1 }
execute on passengers if entity @s[tag=aj.shrieker.bone.bone4] run data merge entity @s { transformation: [-0.9993921888971813f,-0.0348785028373925f,0.0012179869579015418f,-0.43749999999999994f,-0.03489954426033168f,0.9987896413804623f,-0.03487858302175292f,0.4875f,-1.2239024452257998e-16f,-0.034899762829948486f,-0.9994007454913654f,-0.43750000000000006f,0f,0f,0f,1f], start_interpolation: 0, interpolation_duration: 1 }